747539
1542065
2962474
3373703
2725337
3468886
3499863
3626490
147252
2595458

165100
3456796
2812184
1058566
2947773
3577426

98145
3467295
101966
156146
1436628
549785
132183
98373
;915059
2035022
2297344
132641
2722825
2573758
1734153
2055904
2105828
2766399
93636
405400
2947266
2888634
2176040
2072431
2818093
2435949
2970226
3493292
98685
2216144
2391567
165408
2446224
1558377

851078
3191164
2821673
541299
3180308
100082
175082
575709
724942
164381
1762113
773324
851105
2316005
607225
722133
115420
3181678
2547691
882589
3357788
3597921
3588452
566171
2942713
3483960
3563275
3622452
3739452
147615
3787030
2706014
3105874
2015678
1103274
134579
3818546
168144
2901040
1141278
98204
2611537
3320046
3909488
170787
1959208
1025221
3906103
;2711508
159559
148518
2243858
522691
2605397
852962
109375
3057076
120200
2146364
;2650884